"Burke","Buyea","Cemetery","Garoga","Getman","Goff","Klinko","Long Point","Nichols Pond","Otsungo","Smith","Chaumont","Durham","Frank","Heath","Matteson","Morse","Mud Creek","Potaki","St Lawrence","Swarthout","Whitford","Lawson","Nott","Chicoutimi","Masson","Salem","Steward","Sugarbush","Summerstown","Boyle-Atkinson","Damiani","Draper","Dunsmore","Fournier","Hardrock","Hidden Springs","Jarrett-Lahmer","Joseph Picard","Keffer","Lite","O-M-G","Parsons","Payne","Quackenbush","Rumney Bay","Spang","Waupoos","Buffum","Atwell","Barnes","Belcher","Cayadutta","Cromwell","Ganada","Richmond Mills","Temperance House","Wormuth","Hanes","27VII","Cleary","Dawson","Glenbrook","Mailhot-Curran","Maynard-McKeown","Roebuck","Augoutenc","Aurora","Copeland","Coulter","Emmerson Springs","Goodeve","Kirche","Mantle","Seed-Barker","White","Woodbridge"
"Burke",200,130.745341614907,73.0978260869565,68.3927699071812,88.6473429951691,70.600414078675,74.1304347826087,58.5350182051831,93.3734939759036,95.3926022063595,103.816986855409,60.7622114868492,80.4592085979482,77.9083431257344,79.4071146245059,83.8164251207729,94.3518894758228,79.041248606466,59.9570585077832,72.2605486924435,90.7900888265545,84.8123883263847,39.3410132540567,39.1304347826087,61.3526570048309,67.3163418290854,93.0793687947413,72.0496894409938,93.8935026868588,80.2129547471162,52.1385648639095,49.6894409937888,48.1629200365923,47.8260869565217,58.357910760156,65.4080854309687,56.8605307735743,61.0957527016838,59.1074726700944,52.1235581991849,47.463768115942,73.9130434782609,62.4131721121688,78.2608695652174,63.0298058517911,79.1925465838509,40.8599567619505,78.4074255007328,68.6361947231512,118.937198067633,70.6896551724138,83.00395256917,98.7661574618096,77.9240661359461,63.8339920948617,85.1496329757199,115.217391304348,55.2709946396665,51.4492753623188,85.61872909699,74.611801242236,93.5905286793223,99.1831554282739,63.2411067193676,86.5371882586625,84.8826914563966,43.3857539315449,54.7826086956522,52.7299615498373,56.4079216936035,54.5150501672241,52.463768115942,54.513550399688,63.8619737750172,68.615449556775,73.4113712374582,72.6449275362319
"Buyea",130.745341614907,200,95.7142857142857,100.706260032103,83.3333333333333,68.5714285714286,38.5714285714286,32.4466338259442,120.022948938612,118.024164889837,91.1794019933555,49.3121693121693,62.8143392188336,54.3114543114543,79.0909090909091,52.8571428571429,99.3858477970628,43.2234432234432,66.5255731922398,50.3321033210332,59.6006144393241,80.2609262883235,27.5213675213675,26.6666666666667,34.2857142857143,77.6683087027915,91.6541690700506,52.3809523809524,76.0781166399144,60.3401360544218,33.7282229965157,42.7743271221532,34.2441277946164,37.8199834847234,46.4103365635094,37.4937343358396,36.969696969697,44.8609964216901,33.2316439779126,41.9626699756993,32.1428571428571,41.9047619047619,38.0952380952381,49.2517006802721,36.1545372866128,46.6666666666667,29.4290976058932,44.4943820224719,30.0854700854701,93.3333333333333,110.935960591133,44.1125541125541,89.5752895752896,62.2132796780684,96.4502164502164,46.0606060606061,97.8021978021978,90.3848662752772,26.6666666666667,80.5128205128205,68.452380952381,87.9678068410463,92.7024522383804,58.3625070581592,107.154943195552,97.3490166318851,34.9544072948328,31.6666666666667,39.7278911564626,37.2824731987036,33.2733932733933,35.8095238095238,38.4347640401452,36.8253968253968,30.0647249190939,41.996336996337,37.5793650793651
"Cemetery",73.0978260869565,95.7142857142857,200,92.9073033707865,45.8333333333333,52.0833333333333,33.75,21.7056650246305,150.527108433735,109.794776119403,78.4883720930233,56.0956790123457,66.7134831460674,50.3378378378378,86.5909090909091,57.6388888888889,103.154205607477,48.8782051282051,86.9598765432099,45.3182656826568,71.7069892473118,74.3150684931507,4.55840455840456,5.71428571428572,37.5,42.8879310344828,82.5426200089726,54.9603174603175,75.7022471910112,52.9761904761905,26.880081300813,26.1257763975155,23.8390263227397,21.7485549132948,38.3205689277899,32.0175438596491,22.8896103896104,34.9349710982659,27.2962112514351,26.2282844733985,25,33.75,36.5014792899408,32.6275510204082,28.7735849056604,39.2857142857143,12.8798342541436,51.2172284644195,14.7970085470085,94.3055555555556,110.775862068966,34.6590909090909,72.804054054054,61.6197183098592,107.386363636364,30.4383116883117,70.1923076923077,99.4006849315068,7.7651515151515,59.1346153846154,72.3214285714286,43.4565727699531,92.9640718562874,50.1482213438735,32.6459390862944,91.4840637450199,16.7553191489362,11.25,45.5187074829932,27.1269633507853,21.6346153846154,21.4166666666667,21.6928251121076,23.0396825396825,13.0461165048544,28.3653846153846,39.5833333333333
"Garoga",68.3927699071812,100.706260032103,92.9073033707865,200,106.05493133583,70.8400214018192,35.5992509363296,23.5549159609601,88.2902396101259,147.448152495947,108.198327671806,32.4178110694965,44.1947565543071,32.6956169652799,62.7340823970038,38.0149812734082,74.4723301480626,29.0982425813887,61.5619364683035,30.9202979670246,46.5869276307841,58.9451541737212,13.6784148020103,13.1086142322097,12.7340823970038,74.5576649877308,65.7326054410453,37.2213304797575,49.812734082397,35.3856149201254,17.3563533388143,21.036592458185,18.6661865906458,19.6704985819748,25.5517583327187,16.4794007490637,14.9569531592003,25.0113658504904,19.6695863809733,22.7138715042679,22.6279650436954,18.9794007490637,12.4193870088425,29.3006191240541,19.5039219843121,35.6340288924559,13.2120760651396,23.2209737827715,15.7303370786517,75.3558052434457,85.1737052821904,33.9121552604699,82.6196983500354,44.6642401223822,142.883895131086,43.2511308915803,54.7104580812446,152.74229131394,13.1426625808648,88.1590319792567,42.3421615837346,70.311758189587,50.1037251340016,48.6417669612589,79.0186125211506,43.2726024739991,18.742529285202,12.3595505617978,14.0258350531224,25.4563993960429,14.0331578533826,20.6441947565543,20.2045649216506,21.7435348671304,11.2359550561798,21.1754537597234,14.7627965043696
"Getman",88.6473429951691,83.3333333333333,45.8333333333333,106.05493133583,200,39.6825396825397,25.5555555555556,14.0667761357417,38.3534136546185,107.296849087894,96.1886304909561,21.604938271605,23.4082397003745,22.0720720720721,33.1313131313131,22.2222222222222,27.8296988577362,21.3675213675214,27.1604938271605,19.9671996719967,27.4193548387097,26.3318112633181,5.84045584045583,5.55555555555557,11.1111111111111,58.0459770114942,39.4496784806341,26.984126984127,23.9076154806492,18.7074829931973,8.80758807588077,15.4934437543133,12.2722070604807,10.4046242774567,22.1371261852662,11.1111111111111,12.0490620490621,18.6255619781631,8.31100905727772,14.404632645675,8.33333333333334,11.1111111111111,11.1111111111111,22.3809523809524,9.32914046121593,22.2222222222222,4.41988950276243,18.601747815231,5.55555555555557,40,29.1187739463602,17.9292929292929,49.3993993993994,47.4178403755868,92.6767676767677,28.3549783549784,24.3589743589744,77.0167427701674,5.55555555555554,78.2051282051282,24.0079365079365,71.2050078247261,22.3719228210246,37.9885814668423,114.297800338409,21.4032757857459,11.9385342789598,5.55555555555557,12.7437641723356,12.3618382780687,8.35275835275837,16.4444444444445,11.3851519681116,11.7777777777778,5.55555555555557,13.034188034188,11.1111111111111
"Goff",70.600414078675,68.5714285714286,52.0833333333333,70.8400214018192,39.6825396825397,200,105.238095238095,93.431855500821,69.5926563396443,65.5294953802417,79.6234772978959,96.8253968253968,81.5944355270198,95.8815958815959,119.82683982684,63.4920634920635,90.3426791277259,63.3699633699634,89.2416225749559,90.0896151818661,107.066052227343,117.351598173516,34.6357346357346,39.0476190476191,45.5026455026455,69.1297208538588,84.1633019291162,69.8412698412698,107.303370786517,97.2789115646259,57.7235772357724,39.3374741200828,40.4483124352831,65.8409028351225,50.0156298843389,63.4085213032582,44.5887445887446,54.1425818882466,71.100541249795,42.1953363321442,57.2222222222222,58.0952380952381,41.6173570019724,66.530612244898,81.8508535489668,90.4761904761905,30.9918442515128,67.0947030497592,41.8803418803419,97.1428571428571,58.2922824302135,103.896103896104,80.6949806949807,85.5801475519785,56.2770562770563,109.090909090909,82.051282051282,90.737116764514,37.8787878787879,74.7252747252747,105.357142857143,77.7330650570087,105.239520958084,83.9450404667796,61.8805897993715,83.4629735028141,38.7031408308004,41.4285714285714,48.2993197278911,54.7993019197208,45.9207459207459,53.5238095238095,45.440956651719,51.5555555555556,40.6148867313916,61.0805860805861,46.5277777777778
"Klinko",74.1304347826087,38.5714285714286,33.75,35.5992509363296,25.5555555555556,105.238095238095,200,120.394088669951,53.3734939759036,20.9701492537313,51.6279069767442,104.135802469136,79.1573033707865,112.027027027027,112.727272727273,101.666666666667,83.8317757009346,116.923076923077,91.4814814814815,113.394833948339,115.268817204301,127.671232876712,42.6923076923077,45.7142857142857,59.6296296296296,41.0344827586207,65.0336473755047,74.9206349206349,99.5505617977528,94.6258503401361,64.1463414634146,43.0434782608696,47.5191478123074,93.5838150289017,52.2866520787746,102.719298245614,48.1818181818182,56.0115606936416,83.7313432835821,44.9837133550488,77.2222222222222,90,57.2189349112426,78.265306122449,102.955974842767,109.285714285714,36.6298342541436,125.880149812734,82.991452991453,89.4444444444444,42.5862068965517,159.545454545455,56.2162162162162,71.9718309859155,21.8181818181818,147.337662337662,86.1538461538462,39.6575342465754,48.1818181818182,58.8461538461538,86.4285714285714,51.5962441314554,99.8203592814371,67.4110671936759,41.0406091370558,71.622399291722,47.7659574468085,50,49.5918367346939,57.2251308900524,52.3776223776224,53.6666666666667,51.3004484304933,61.2380952380952,67.8640776699029,75.3846153846154,70.9722222222222
"Long Point",58.5350182051831,32.4466338259442,21.7056650246305,23.5549159609601,14.0667761357417,93.431855500821,120.394088669951,200,43.9195204463173,8.92581427836188,40.1649673502119,94.2042206410023,70.3713953617092,114.765011316735,103.864755933721,81.0618500273673,75.8022190506883,88.493116079323,77.7169616250076,103.899078399651,98.1831664812755,108.165193332883,61.4163614163614,62.8571428571429,69.4763729246488,33.0049261083744,57.6356889811199,73.3990147783251,92.0628770686888,100.269763077645,64.6882133845969,38.6164060826729,46.3875566649912,71.3972493522025,47.8285239999569,83.769769250713,48.0967308553516,55.6337025541729,84.0435940796208,45.0711281554817,69.0831964969896,67.2167487684729,57.7608068324249,67.2484166080225,101.694705208043,97.0443349753695,37.1717061753259,84.4264865961883,60.7637573154815,72.9501915708812,36.4532019704434,128.381101656964,46.0258287844495,62.1105946020953,9.77384684281236,127.407075682938,69.571807502842,27.6131992712059,48.7236901030004,60.1364153088291,80.7266009852217,50.2601817803372,92.1650541281968,60.9708132946514,36.4582030956965,64.6530462714004,45.4354889424589,50.5418719211823,48.7731644381891,58.1667655327161,52.9194942988046,59.8752052545156,52.0665355983123,60.7640941434045,56.5856808073079,67.648730579765,64.0223043240285
"Nichols Pond",93.3734939759036,120.022948938612,150.527108433735,88.2902396101259,38.3534136546185,69.5926563396443,53.3734939759036,43.9195204463173,200,96.7811544686208,84.3163351078734,53.1905399375279,65.3580614593204,52.3607945294692,81.8729463307777,60.7764390896921,102.499718500169,48.5016991041088,73.4791015915514,48.1483128084293,67.0294079543982,77.9501567915498,25.9602512614561,27.4010327022375,31.3253012048193,52.7212297465725,79.7645494494803,50.4302925989673,71.9371869500474,57.8845996229817,40.1802331276325,32.9417047070269,36.6730059599256,39.5152865798454,42.0368563971422,38.5542168674699,32.999530589892,42.9834946723309,39.931943618331,36.8152305203441,42.0749665327979,40.9638554216868,33.7349397590361,41.8982050651586,44.7374403273471,55.249569707401,26.4594288757239,47.8678759983755,37.1537431778396,101.151271753681,134.358122143747,56.8729463307777,97.4275480299577,67.9110809434923,100.410733844469,58.394617430762,95.2734012974977,93.249711173461,30.4308141657539,50.0463392029657,62.2203098106713,40.7149725663216,87.5523050284972,53.3834944521168,48.3456669316861,94.5113788487282,33.1709817995386,32.2489959839357,35.6397016637981,39.7022645556046,34.8976324879939,36.144578313253,37.8842725160733,37.934595524957,29.9040823488128,40.9406858202039,36.5127175368139
"Otsungo",95.3926022063595,118.024164889837,109.794776119403,147.448152495947,107.296849087894,65.5294953802417,20.9701492537313,8.92581427836188,96.7811544686208,200,117.233599444637,17.3392297770407,34.4289787019956,22.1863654699476,52.0081411126187,29.6849087893864,69.4518063886177,12.5908916953693,48.2034273079049,16.3187751280498,35.419675814476,47.1887139644245,0.284900284900289,0,7.46268656716418,68.0391147709727,68.2402255211158,21.7484008528785,45.8577897031695,30.1198091176769,9.08870282732678,12.9229628256234,10.1254446142384,7.60935208351307,14.7228844834906,7.46268656716418,8.56755185113394,14.9771374342162,9.18484500574053,12.2503659768476,5.97014925373134,9.96268656716418,5.97014925373134,19.7075845263479,9.74373415939172,20.2558635394456,4.97237569060775,11.9570685896361,5.97014925373134,74.1293532338309,84.5084920226454,21.8792401628223,88.3017345703913,42.9262140004204,151.797829036635,25.4506687342508,55.6831228473019,131.915763647516,5.97014925373134,65.3272101033295,36.0341151385927,70.7588816480975,52.6443381892931,32.7591292549112,78.8468823395712,46.5276538951986,6.38297872340425,4.47761194029852,7.87491115849326,12.2528717668204,7.46268656716418,8.63681592039802,11.1270999263771,11.8114190950012,4.47761194029852,13.231917336395,7.46268656716418
"Smith",103.816986855409,91.1794019933555,78.4883720930233,108.198327671806,96.1886304909561,79.6234772978959,51.6279069767442,40.1649673502119,84.3163351078734,117.233599444637,200,49.992822279644,58.9103736608309,52.2627278441232,78.107822410148,57.1705426356589,76.3964355574875,42.6058437686345,80.9287970140683,50.0235990732,60.752688172043,66.4383561643835,17.2911283376399,19.0863787375415,19.1860465116279,85.2445870088212,54.9109518294782,43.5769656699889,55.4807943558923,47.3896535358329,36.5097371903952,23.4688718763542,27.1387609865755,38.3317650221804,33.5784438450969,37.8824969400245,23.3539716097856,30.7501008200027,38.9094331562225,27.2992786741745,35.9819121447028,35.1744186046512,25.7465253887436,38.1964878974846,39.2387011847301,53.8205980066445,17.5318000770911,38.7400923264524,22.6048499304313,77.2093023255814,74.0176423416199,53.6997885835095,131.615336266499,109.474287585981,87.9492600422833,59.5967985502869,55.6350626118068,97.0850589359669,21.9873150105708,68.1127012522361,57.3504983388704,69.3552789605852,58.8967414009191,52.8058645096057,76.1096682800142,49.9969115784922,22.0682830282039,20.7751937984496,31.219743711438,31.9249969560453,25.3618474548707,29.5116279069767,28.8768380435916,29.4717607973422,20.2585233687062,29.9642218246869,29.0213178294574
"Chaumont",60.7622114868492,49.3121693121693,56.0956790123457,32.4178110694965,21.604938271605,96.8253968253968,104.135802469136,94.2042206410023,53.1905399375279,17.3392297770407,49.992822279644,200,115.439034540158,116.716716716717,124.197530864198,116.666666666667,111.203415253259,149.85754985755,127.16049382716,152.867750899731,160.254878534448,131.337730424488,68.3760683760684,69.9118165784832,116.049382716049,45.3810131971051,106.049881195686,118.871252204586,129.719794701068,120.030234315949,93.4056007226739,80.3772716816195,79.5427349173277,109.07014914722,94.7375530161818,113.450292397661,81.8662818662819,93.1492185827446,108.401014868677,84.5377407809547,106.172839506173,101.543209876543,97.5381693330411,93.6659108087679,115.071045888656,116.931216931217,68.0990382647841,116.909418782078,77.6828110161444,111.604938271605,44.8701575138357,119.135802469136,61.4614614614615,87.0457311771866,21.2401795735129,127.577360910694,78.5375118708452,42.4826653137156,73.6812570145903,83.7606837606838,135.582010582011,95.8094244479221,110.760885636135,115.590689503733,50.6235507927555,105.631793812405,74.4943525085369,76.604938271605,118.493323255228,86.4132893801306,83.1218164551498,84.7407407407407,85.0550849803466,82.9065255731922,73.9901714011746,89.4586894586894,102.777777777778
"Durham",80.4592085979482,62.8143392188336,66.7134831460674,44.1947565543071,23.4082397003745,81.5944355270198,79.1573033707865,70.3713953617092,65.3580614593204,34.4289787019956,58.9103736608309,115.439034540158,200,107.925903431521,127.139938712972,86.2047440699126,122.198886905387,112.590031691155,146.525176862256,98.4452091711928,132.028512746164,111.14360474065,34.3416882742725,34.9277688603531,93.8826466916355,52.6152654010073,117.63424924766,162.546816479401,123.033707865169,96.1209202782237,60.1077920891568,46.6047874938935,45.8940146456158,64.2073131129441,62.2550586384088,74.4924108022866,49.0442142127535,63.317529388842,68.3161547491583,52.0147860776635,54.7940074906367,74.185393258427,73.1201382886776,71.8917679431323,75.5847643276094,81.3001605136437,35.8060711403563,92.8838951310861,56.2758090847979,112.009987515605,56.7996900426191,89.9897854954035,58.0321894928636,74.8536160784934,36.0316649642492,86.7941047716329,94.0363007778738,57.3803293827921,51.2087163772557,97.1477960242005,110.613964686998,79.3479981009653,115.62100518065,134.103122085535,48.8735527291393,124.125221958608,39.73224958164,51.4606741573034,90.0298096766796,54.3443731984234,50.1925041250884,50.5468164794007,52.9752607446969,58.2001070090958,50.5890694883823,61.6248919619706,82.7715355805243
"Frank",77.9083431257344,54.3114543114543,50.3378378378378,32.6956169652799,22.0720720720721,95.8815958815959,112.027027027027,114.765011316735,52.3607945294692,22.1863654699476,52.2627278441232,116.716716716717,107.925903431521,200,142.334152334152,103.603603603604,123.617075018944,116.978516978517,115.615615615616,118.779295901067,121.825050857309,129.470566456868,37.5606375606376,38.1467181467181,76.2762762762763,50.232991612302,95.1705406617923,91.2054912054912,131.931369571819,133.655083655084,63.3267413755219,50.4448547926809,49.6874724887754,75.613185439775,63.2207700041398,77.1692745376956,59.9157599157599,67.6925480393688,77.2085518354175,65.1142999677202,57.4324324324324,81.9594594594595,78.5862785862786,88.8472145615003,97.841237463879,93.4362934362934,41.2722114379573,109.86941998178,66.2970662970663,115.315315315315,49.2078285181733,137.592137592138,62.1621621621622,103.311762466692,25.3071253071253,132.818532818533,93.3471933471933,43.5394298407997,55.1597051597051,80.8731808731809,111.245173745174,76.5892653216597,128.598883314452,94.2420681551116,55.1515982988064,94.2249021930297,45.1983898792409,62.8378378378378,73.1016731016731,58.0868826942125,54.8100548100548,59.0990990990991,56.8718943158405,67.0441870441871,63.8283914982944,72.9209979209979,90.1088588588589
"Heath",79.4071146245059,79.0909090909091,86.5909090909091,62.7340823970038,33.1313131313131,119.82683982684,112.727272727273,103.864755933721,81.8729463307777,52.0081411126187,78.107822410148,124.197530864198,127.139938712972,142.334152334152,200,96.2626262626263,152.999150382328,102.331002331002,141.279461279461,112.559543777256,140.459433040078,144.520547945205,39.5104895104895,42.0779220779221,74.5454545454545,62.6332288401254,107.337982788858,99.8989898989899,138.539325842697,122.770562770563,59.9852180339985,47.7244494635799,46.957558683943,67.1623751970573,68.4961209468868,79.1068580542265,51.1688311688312,64.6032580136626,73.6374073687507,55.3666962787484,57.2222222222222,79.7727272727273,73.4265734265734,76.2152133580705,91.8467695826186,94.8051948051948,34.4550477147162,97.8311201906708,54.9106449106449,122.626262626263,77.5862068965517,116.363636363636,72.4570024570025,104.04609475032,53.6363636363637,118.311688311688,100.34965034965,74.6575342465754,48.1818181818182,99.7902097902098,131.396103896104,84.4728979940247,150.04763200871,91.2648221343874,56.5343793262575,113.650046279528,43.6750483558994,50.7575757575758,78.0457637600495,55.2689195621133,54.2657342657343,56.7878787878788,55.9967386873217,61.5757575757576,54.6160635481024,69.9300699300699,82.4747474747475
"Matteson",83.8164251207729,52.8571428571429,57.6388888888889,38.0149812734082,22.2222222222222,63.4920634920635,101.666666666667,81.0618500273673,60.7764390896921,29.6849087893864,57.1705426356589,116.666666666667,86.2047440699126,103.603603603604,96.2626262626263,200,95.8463136033229,145.299145299145,93.8271604938272,154.448544485445,126.702508960573,116.89497716895,91.025641025641,94.6031746031746,127.777777777778,50.3831417624521,81.8827575893525,94.4444444444444,96.8789013732834,102.947845804989,112.330623306233,97.6190476190476,99.9721219590926,132.626846499679,114.053002674447,134.502923976608,105.411255411255,119.749518304432,127.739507590254,108.5776330076,131.111111111111,146.666666666667,128.402366863905,131.269841269841,132.180293501048,138.095238095238,91.6206261510129,120.287141073658,125.213675213675,134.444444444444,41.5708812260536,116.666666666667,73.8738738738739,67.3708920187794,28.030303030303,119.76911976912,93.5897435897436,44.2922374429224,104.545454545455,66.2393162393162,113.690476190476,78.6384976525822,85.7119095143047,88.6912604303909,50.7614213197969,63.3687472332891,68.0851063829787,103.333333333333,123.650793650794,114.223385689354,107.109557109557,106.666666666667,106.203288490284,114.31746031746,120.064724919094,133.333333333333,142.361111111111
"Morse",94.3518894758228,99.3858477970628,103.154205607477,74.4723301480626,27.8296988577362,90.3426791277259,83.8317757009346,75.8022190506883,102.499718500169,69.4518063886177,76.3964355574875,111.203415253259,122.198886905387,123.617075018944,152.999150382328,95.8463136033229,200,101.341960220465,137.337025499019,112.108149118874,124.871872173651,130.047369094866,28.4926911095135,29.0787716955941,74.7663551401869,67.0319046084435,121.582957027794,98.2791870642338,129.076971542581,100.724775891665,57.9971126814072,43.8613803912463,42.3626372270166,67.1708713737777,59.8662549336387,74.0941137891458,48.0398106566331,62.8545189346875,71.8950180799811,51.6775413423713,56.2461059190031,75.4672897196262,70.7017640878173,81.4991417127599,83.4597072826662,87.1161548731642,32.2042649868333,99.5134586439847,52.6319993609713,132.336448598131,105.156300354496,92.4171622769754,71.9878757261935,92.8129524812426,74.5114698385727,96.7350406602743,121.207764198418,85.6356420432723,44.2225998300765,102.228612508986,113.200934579439,83.2828748190075,141.155073031507,88.9180303645968,60.8567768869491,125.526967933045,39.8687611851263,47.2274143302181,68.3260219975841,56.3830307775114,48.0752891967845,49.3707165109034,54.5681237165249,59.3466844681798,50.1633245621994,64.8094895758447,79.1017653167186
"Mud Creek",79.041248606466,43.2234432234432,48.8782051282051,29.0982425813887,21.3675213675214,63.3699633699634,116.923076923077,88.493116079323,48.5016991041088,12.5908916953693,42.6058437686345,149.85754985755,112.590031691155,116.978516978517,102.331002331002,145.299145299145,101.341960220465,200,110.731244064577,147.809631942473,154.342431761787,117.386722866175,70.0854700854701,72.3809523809524,121.937321937322,43.0592396109637,100.873106256686,122.344322344322,116.522615960818,105.834641548927,88.0550343964978,76.2860328077719,74.0878688761425,109.500518749074,91.2977613196432,126.38326585695,75.8907758907759,92.2484066992737,103.252965939533,85.7262173223085,108.632478632479,119.807692307692,102.564102564103,113.553113553114,110.88534107402,124.908424908425,64.697549227936,142.149236531259,105.982905982906,125.128205128205,37.842617152962,131.410256410256,56.4795564795565,62.7663416395811,14.2191142191142,138.561438561439,89.7435897435898,31.4717246224096,84.2657342657343,89.7435897435897,116.208791208791,90.1408450704225,99.5182711500077,112.17188608493,48.2233502538071,88.1056968706371,74.30441898527,84.7435897435897,112.035583464155,86.2531883474292,81.5850815850816,82.8717948717949,81.9707945268483,86.8864468864469,98.6432661189943,105.769230769231,121.688034188034
"Potaki",59.9570585077832,66.5255731922398,86.9598765432099,61.5619364683035,27.1604938271605,89.2416225749559,91.4814814814815,77.7169616250076,73.4791015915514,48.2034273079049,80.9287970140683,127.16049382716,146.525176862256,115.615615615616,141.279461279461,93.8271604938272,137.337025499019,110.731244064577,200,109.18864744203,134.687375547591,119.550143751057,23.6467236467236,24.2328042328042,87.6543209876543,61.3452532992763,102.19331040327,126.278659611993,115.556942710501,84.0388007054674,51.8217404396266,37.7808450272218,35.8574644133819,63.1556411903233,50.5443444903693,71.8973359324237,39.361872695206,57.2468422179405,71.334212130232,44.7661559496522,51.8518518518518,67.0061728395062,62.2032288698955,65.6487780297304,83.1586303284416,85.0970017636684,25.4416479094195,94.2849216257456,49.002849002849,108.148148148148,67.0923797360579,98.0359147025814,66.2996329662996,90.4016692749087,49.8316498316498,98.1721981721982,74.9287749287749,72.8056823947235,40.0112233445567,95.5365622032289,103.218694885362,69.8139454007999,113.33998669328,117.845117845118,51.3630381650686,120.948305543259,28.8153401628579,42.6543209876543,78.2363315696649,50.11957856635,43.6933436933437,39.8518518518518,43.6278580523723,50.299823633157,43.8751048783411,61.2060778727445,74.3827160493827
"St Lawrence",72.2605486924435,50.3321033210332,45.3182656826568,30.9202979670246,19.9671996719967,90.0896151818661,113.394833948339,103.899078399651,48.1483128084293,16.3187751280498,50.0235990732,152.867750899731,98.4452091711928,118.779295901067,112.559543777256,154.448544485445,112.108149118874,147.809631942473,109.18864744203,200,149.133039717494,137.127837031795,80.9747584655334,80.9910384818134,125.488588219216,48.5048988420919,85.946902537666,103.608036080361,115.848501181641,125.785074177272,110.311103111031,95.2327473585295,93.8508372670662,130.328690570143,108.395843258214,141.202175179647,99.5686969856712,113.808843290745,132.452412928262,104.783025028947,127.956129561296,131.107011070111,121.098713945719,131.940658182092,141.711341641718,144.043226146547,83.931010580824,122.105670494907,104.487967956603,123.542435424354,35.7042880773635,131.063401543106,61.6834546723846,81.5030403825165,17.150285139215,137.139981789428,86.3184785694011,39.2053783551534,95.7508665995751,83.9057621345444,133.730890880337,93.7719799733209,106.569149523831,97.5044849262722,52.3273456084815,85.8798508303808,76.0304624322839,96.2054120541205,113.590882847604,109.737060721393,100.451577942353,100.30012300123,104.779673357272,111.316347449189,102.271343101781,124.162645472609,126.022447724477
"Swarthout",90.7900888265545,59.6006144393241,71.7069892473118,46.5869276307841,27.4193548387097,107.066052227343,115.268817204301,98.1831664812755,67.0294079543982,35.419675814476,60.752688172043,160.254878534448,132.028512746164,121.825050857309,140.459433040078,126.702508960573,124.871872173651,154.342431761787,134.687375547591,149.133039717494,200,132.22860509648,70.3427993750574,72.3809523809524,122.1027479092,49.1286614757138,114.415548705481,122.273425499232,146.695662679715,138.479262672811,93.8368738526095,77.9402925265478,77.6260972541313,106.321088942756,95.4071668901908,115.704584040747,79.6955732439603,98.3653427807819,112.90446032863,79.469487350122,94.2293906810036,113.521505376344,103.034930330216,104.797015580426,125.502130249544,129.646697388633,65.2468365710212,126.156820103902,95.8367797077474,140.215053763441,51.2421208750463,127.663734115347,69.1659401336821,80.145388459791,34.652981427175,134.157240608853,103.308519437552,54.7650611282958,80.791788856305,100,151.113671274962,90.4134484325307,127.286555920417,109.634918611076,47.4482833906446,117.097202587499,72.9810112102494,82.3655913978495,114.215492648672,87.907448066205,83.2393413038574,83.6989247311828,83.1766237523506,91.3343573988735,87.2690259943627,101.406120760959,119.982078853047
"Whitford",84.8123883263847,80.2609262883235,74.3150684931507,58.9451541737212,26.3318112633181,117.351598173516,127.671232876712,108.165193332883,77.9501567915498,47.1887139644245,66.4383561643835,131.337730424488,111.14360474065,129.470566456868,144.520547945205,116.89497716895,130.047369094866,117.386722866175,119.550143751057,137.127837031795,132.22860509648,200,42.6843070678687,42.7005870841487,73.1608320649417,69.5795937647615,106.907084078492,98.6518808436617,140.911189779898,129.694343490821,80.8887403942533,65.7023738619927,63.9360256244822,99.4932298677647,77.9802763706124,111.848113434271,67.2834015299769,83.7833557684694,99.7609423902615,70.4460607142326,94.0563165905632,91.6438356164384,83.4400583610278,91.6130835896002,117.213750323081,115.753424657534,54.0452584575796,108.942588887179,64.7113921086524,132.48097412481,67.312234293812,140.909090909091,79.1188448722695,106.270499710592,48.8169364881694,133.766233766234,103.898840885142,73.972602739726,59.1946865919469,85.8798735511064,131.457925636008,85.7032606598495,136.615125912558,87.3734365693865,57.562061052778,103.655393646116,60.0990964733314,61.1643835616438,77.2621377318051,79.8823782543212,64.958329341891,69.2054794520548,75.0261072547454,75.7738638834529,60.7062109323048,84.9841938883035,78.9478691019787
"Lawson",39.3410132540567,27.5213675213675,4.55840455840456,13.6784148020103,5.84045584045583,34.6357346357346,42.6923076923077,61.4163614163614,25.9602512614561,0.284900284900289,17.2911283376399,68.3760683760684,34.3416882742725,37.5606375606376,39.5104895104895,91.025641025641,28.4926911095135,70.0854700854701,23.6467236467236,80.9747584655334,70.3427993750574,42.6843070678687,200,167.545787545788,81.7663817663818,14.3039591315453,38.9550333022742,54.3345543345543,50.0640225359327,65.4427582999012,144.159544159544,143.612747960574,131.424534030397,104.802134281903,151.31883271927,73.7891737891738,137.947237947238,130.342703753108,116.154271378152,146.355225182587,135.39886039886,102.692307692308,144.729344729345,77.5347403918832,113.707466537655,85.978835978836,121.564275707922,51.7494157943596,144.729344729345,57.1509971509971,18.0666077217801,48.025123025123,47.3781473781474,24.8465149873601,5.11525511525511,60.972360972361,45.2991452991453,10.1471334348047,145.104895104895,19.9430199430199,71.4082214082214,47.1810922515148,40.9571881877271,48.0085132259045,27.9708447221138,23.7205026049647,70.2309510820149,146.267806267806,116.374207802779,134.971137065378,146.956746956747,97.7891737891738,146.182591698287,145.408221408221,146.41800127237,104.273504273504,139.280626780627
"Nott",39.1304347826087,26.6666666666667,5.71428571428572,13.1086142322097,5.55555555555557,39.0476190476191,45.7142857142857,62.8571428571429,27.4010327022375,0,19.0863787375415,69.9118165784832,34.9277688603531,38.1467181467181,42.0779220779221,94.6031746031746,29.0787716955941,72.3809523809524,24.2328042328042,80.9910384818134,72.3809523809524,42.7005870841487,167.545787545788,200,81.4814814814815,18.3251231527094,39.4513875536756,54.9206349206349,50.6581059390048,66.5986394557823,114.285714285714,112.298136645963,116.046432658811,108.538398018167,124.132541419194,78.0952380952381,112.467532467532,113.195706028076,115.663441036575,114.398428209503,119.285714285714,105.714285714286,114.285714285714,77.5510204081633,114.285714285714,90,110.228887134964,52.9052969502408,113.699633699634,59.047619047619,19.5073891625616,48.8961038961039,48.957528957529,25.4325955734406,4.54545454545456,61.5584415584416,49.8901098901099,14.1682974559687,120.692640692641,21.0989010989011,75.7142857142857,46.9483568075117,44.5615911035073,51.7447769621683,28.5569253081943,24.3065831910453,71.6717325227964,115.238095238095,120.272108843537,116.948391922214,116.963036963037,101.714285714286,113.728379244074,113.52380952381,116.338418862691,107.692307692308,117.063492063492
"Chicoutimi",61.3526570048309,34.2857142857143,37.5,12.7340823970038,11.1111111111111,45.5026455026455,59.6296296296296,69.4763729246488,31.3253012048193,7.46268656716418,19.1860465116279,116.049382716049,93.8826466916355,76.2762762762763,74.5454545454545,127.777777777778,74.7663551401869,121.937321937322,87.6543209876543,125.488588219216,122.1027479092,73.1608320649417,81.7663817663818,81.4814814814815,200,41.3793103448276,102.467474203679,114.285714285714,95.5056179775281,89.7959183673469,97.7416440831075,92.661605705084,89.2462495068358,93.5131663455363,101.393954129184,104.775828460039,99.6632996632997,109.805180903447,107.488200025513,94.0764869103631,97.7777777777778,121.203703703704,119.351303966689,112.894935752079,109.014675052411,101.058201058201,85.9013709842439,112.026633374948,108.831908831909,91.8518518518518,13.7931034482759,72.8114478114478,37.8378378378378,36.6197183098592,4.54545454545456,77.6815776815777,60.6837606837607,8.21917808219177,99.6632996632997,91.1680911680912,119.642857142857,97.6525821596244,75.8982035928144,105.314009661836,37.5634517766497,75.6972111553785,59.5744680851064,98.1481481481482,131.14134542706,103.994570486717,101.061901061901,93.3333333333333,99.1944859657864,106.116402116402,107.101761956131,120.726495726496,129.398148148148
"Masson",67.3163418290854,77.6683087027915,42.8879310344828,74.5576649877308,58.0459770114942,69.1297208538588,41.0344827586207,33.0049261083744,52.7212297465725,68.0391147709727,85.2445870088212,45.3810131971051,52.6152654010073,50.232991612302,62.6332288401254,50.3831417624521,67.0319046084435,43.0592396109637,61.3452532992763,48.5048988420919,49.1286614757138,69.5795937647615,14.3039591315453,18.3251231527094,41.3793103448276,200,95.1130087715227,58.0186097427477,63.7737311119721,50.1759324419423,38.9683207176899,27.4576997215678,29.111353294213,46.1032489535579,40.9265826605297,45.8257713248639,30.6314375279892,41.4391070360773,40.9161091096243,35.0843036679272,42.7011494252874,45.0862068965517,33.6053866557845,52.8923293455313,45.152895250488,59.35960591133,22.6328824538007,63.1021567867751,27.5272620100206,66.0536398467433,51.7241379310345,50.3918495297806,62.255358807083,57.0179698882953,46.9435736677116,52.6645768025078,68.7002652519894,77.7042985356637,24.8171368861024,85.9416445623342,73.7684729064039,105.569046462684,64.5932273384266,80.3325609922312,76.7022580080518,47.0943810963044,28.6867204695525,25.6896551724138,44.6774571897725,46.4343744358187,31.2273932963588,40.1379310344828,39.8329982990567,38.1061850027367,27.4355540676264,39.1246684350133,31.8247126436782
"Salem",93.0793687947413,91.6541690700506,82.5426200089726,65.7326054410453,39.4496784806341,84.1633019291162,65.0336473755047,57.6356889811199,79.7645494494803,68.2402255211158,54.9109518294782,106.049881195686,117.63424924766,95.1705406617923,107.337982788858,81.8827575893525,121.582957027794,100.873106256686,102.19331040327,85.946902537666,114.415548705481,106.907084078492,38.9550333022742,39.4513875536756,102.467474203679,95.1130087715227,200,116.268239013865,149.333353496555,108.553757976946,60.2939084572542,52.1911895427022,50.0179725189699,57.7905019747573,66.8070481312086,65.4293877358268,54.8041460558284,61.0084617638745,61.4866448377226,53.7161169832662,55.9249289666517,64.7734410049349,70.898670298194,77.3104073392479,62.185428781838,72.5181054925335,40.8014395871597,101.343374617529,48.3716970930968,112.959473605503,73.0774585789205,72.9454708593336,72.7086440410801,67.7358001756614,67.4436151555936,69.4767323300298,108.969182455051,74.5097316199291,46.2090623598026,111.581599199365,127.732647567775,127.424032756431,143.682923520389,129.773361208787,71.8728436643871,127.939267306429,47.9129081832326,48.4656796769852,92.3569643200483,62.1702498479115,54.4739244604655,57.4679228353522,56.8814666835658,55.492576213976,51.5695575097893,55.1066362977534,76.6281591147002
"Steward",72.0496894409938,52.3809523809524,54.9603174603175,37.2213304797575,26.984126984127,69.8412698412698,74.9206349206349,73.3990147783251,50.4302925989673,21.7484008528785,43.5769656699889,118.871252204586,162.546816479401,91.2054912054912,99.8989898989899,94.4444444444444,98.2791870642338,122.344322344322,126.278659611993,103.608036080361,122.273425499232,98.6518808436617,54.3345543345543,54.9206349206349,114.285714285714,58.0186097427477,116.268239013865,200,115.373640092741,89.2290249433107,70.1122725512969,62.7329192546584,60.5347553230289,64.0792733278282,82.5188426938974,86.3826232247285,62.3376623376623,75.7959445820717,79.1664388679314,60.8396670285921,73.015873015873,88.2539682539683,89.010989010989,90.2947845804989,77.7777777777778,93.6507936507936,50.5217925107428,113.340467273052,66.9108669108669,98.4126984126984,41.3245758073344,85.2813852813853,64.8219648219648,58.1265369997764,22.6911976911977,91.7748917748918,84.4932844932845,36.0730593607306,60.8946608946609,100.1221001221,112.5,104.784261122289,98.4198270126414,151.879038835561,56.6030134558053,103.45917915639,64.1337386018237,61.3492063492064,105.532879818594,74.3372392587052,68.031968031968,76.3809523809524,67.2966047405509,72.4444444444444,68.2154415164124,72.1001221001221,96.2301587301587
"Sugarbush",93.8935026868588,76.0781166399144,75.7022471910112,49.812734082397,23.9076154806492,107.303370786517,99.5505617977528,92.0628770686888,71.9371869500474,45.8577897031695,55.4807943558923,129.719794701068,123.033707865169,131.931369571819,138.539325842697,96.8789013732834,129.076971542581,116.522615960818,115.556942710501,115.848501181641,146.695662679715,140.911189779898,50.0640225359327,50.6581059390048,95.5056179775281,63.7737311119721,149.333353496555,115.373640092741,200,150.905755560651,74.7145336621906,62.4537650917719,60.6686674230502,76.719490809898,78.6418508592924,83.4811748472304,70.3925288194951,77.3137624212509,88.2286923205924,63.2383380708967,65.5056179775281,80.6741573033708,86.1478625091417,83.8385691355194,98.5442724895767,96.3884430176565,51.0118567260538,98.12734082397,62.9693652165562,121.660424469413,65.788454087563,116.930541368744,72.8363194655329,91.7945877512265,44.9948927477017,115.445790164891,110.414866032844,60.5510235493305,62.7511065713313,94.3388072601556,148.41492776886,102.901302948779,169.149061427706,108.642359106453,54.2006502024753,138.080138870237,58.2715754243366,67.3782771535581,100.082549873882,73.8925819165833,64.7992456981221,72.4569288389513,67.4761928754976,74.9655787408596,63.4340569433839,70.2895419187554,92.6186017478152
"Summerstown",80.2129547471162,60.3401360544218,52.9761904761905,35.3856149201254,18.7074829931973,97.2789115646259,94.6258503401361,100.269763077645,57.8845996229817,30.1198091176769,47.3896535358329,120.030234315949,96.1209202782237,133.655083655084,122.770562770563,102.947845804989,100.724775891665,105.834641548927,84.0388007054674,125.785074177272,138.479262672811,129.694343490821,65.4427582999012,66.5986394557823,89.7959183673469,50.1759324419423,108.553757976946,89.2290249433107,150.905755560651,200,91.778662684586,77.6545400769003,76.537140078322,89.5147654437498,93.707110853094,96.2764052989617,82.4056895485467,87.6489324053321,98.957332646032,76.7869145486642,80.8843537414966,93.469387755102,98.079942035986,91.8367346938776,110.730329867796,104.081632653061,66.961701807795,89.5857219292211,76.8881911739055,107.845804988662,51.7358667604973,125.989486703772,64.2029784886928,80.9140557631503,28.6951144094001,117.779839208411,90.5808477237049,46.0674680831237,73.469387755102,75.0654107796965,143.537414965986,83.8076075500623,138.564707320054,80.817939824151,41.6347249559722,106.757550297676,72.3404255319149,76.8027210884354,96.2585034013605,85.4578480606903,81.8609961467104,82.2176870748299,81.9605869253531,82.7392290249433,77.3528829007331,79.3563579277865,98.8236961451247
